987965
987170
985256
984884
984883
984487
983171
982751
982681
982259
981470
974198
973755
971569
970295
970268
967619
967607
967605
967602
967598
964235
963432
963430
963410
963408
963402
963400
963391
960281
959158
959157
957888
957887
953251
952832
952788
952766
946195
945385
944127
944012
943612
943135
941481
939828
939372
938823
936870
936554
935998
934701
934688
933293
933143
933109
932550
932400
932180
931734
931725
931716
931696
931693
931258
931254
931253
931252
931246
931223
931155
930745
930742
930741
930738
930735
930734
930733
930730
930728
930724
930720
930719
930582
930192
930128
930127
930126
930122
930120
930119
930118
930104
930094
930085
930083
929704
929701
929700
929699
929698
929697
929608
929603
928680
928677
928187
928184
927749
927687
927683
927676
927673
927672
927671
927669
927664
927663
927662
927363
927346
927345
927343
927341
927333
927332
927328
927310
927308
927259
927258
927256
927255
927253
927252
927251
927250
927249
927247
927244
927242
927240
927239
927238
927237
927236
927231
927226
926957
926956
926949
926948
926947
926946
926944
926941
926940
926939
926907
926890
926889
926888
926887
926886
926884
926882
926881
926880
926879
926878
926877
926876
926873
926872
926871
926870
926869
926867
926864
926833
926828
926827
926203
925830
925827
925345
924102
923322
922803
922802
922801
922800
922799
922798
922797
922796
922795
922794
922793
922792
922791
922790
922789
922788
922787
922786
922785
922784
922783
922782
922781
922780
922779
922778
922777
922776
922775
922774
922773
922772
922771
922770
922769
922768
922767
922766
922765
922764
922762
922761
922760
922759
922758
922757
922756
922755
922754
922753
922752
922751
922750
922749
922748
922747
922746
922745
922744
922743
922742
922741
922740
922555
922482
922480
922479
922478
922477
922476
922475
922474
922473
922472
922470
922469
922458
922450
922410
922026
922019
922017
921615
921614
921613
921612
921611
921610
921606
921605
921604
921603
921601
921598
921544
921507
921506
921505
921502
921501
921499
921445
921063
921061
921037
921030
921008
921007
921005
921002
920965
920277
920275
920252
920251
920249
920247
920245
920244
920242
920240
920237
920236
920234
920232
920231
920229
920228
920227
920226
920225
920218
920217
920215
920213
920212
920210
920209
920208
920207
920206
920205
920204
920203
920201
920192
920191
920156
920155
920153
920152
920149
919841
919519
919482
917837
917836
916587
916262
915150
915149
914861
914805
914783
913928
913927
913924
913895
913877
913876
913872
913853
913850
913481
913393
913392
913388
912171
912170
912150
912145
912137
911682
911676
911675
911641
911172
911170
910581
910203
910202
910196
910160
910158
910156
910152
910151
910149
910146
909781
909715
909712
908864
908840
908810
908519
908412
908410
908121
907995
907901
907782
907540
907537
907533
907529
907526
907519
907517
907515
907486
907484
907483
907004
906618
906615
906579
906085
906084
906081
906065
906064
906063
906062
906060
906059
906058
906056
906025
906023
906021
906020
905689
905687
905340
905282
905281
905280
905279
905247
905243
904419
904412
904407
904406
904404
904358
903907
903894
903892
903888
903886
903885
903883
903882
903881
903878
903877
903875
903873
903870
903867
903865
903863
903862
903860
903859
903857
903846
903840
903838
903835
903749
903718
903703
903396
903391
903262
902296
901859
899175
898810
897163
897113
896698
896628
896180
895772
894075
893504
893141
893134
893133
892553
892155
892117
892116
892077
891264
890827
890826
890825
890824
890823
890822
890821
890820
890819
890818
890817
890816
890815
890814
890813
890812
890811
890810
890809
890808
890806
890805
890804
890803
890802
890801
890800
890799
890798
890797
890796
890795
890794
890793
890792
890791
890790
890789
890788
890787
890786
890785
890784
890783
890782
890781
890780
890779
890778
890777
890776
890775
890774
890773
890772
890771
890770
890769
890768
890237
890236
889908
889903
889902
889899
889883
889882
889881
889880
889879
889876
889874
889873
889871
889870
889869
889868
889867
889863
889764
887873
887872
887870
887465
887463
887462
887461
887457
887455
887454
887453
887450
887449
887448
887445
887441
887439
887438
887434
887433
887266
887264
887245
886600
886599
885178
885174
884731
884205
883722
883655
883648
883330
883318
883272
882865
882864
882862
882861
882464
882441
881250
880848
880843
880841
880592
878718
870669
870662
869418
869376
867393
866518
860492
859882
859697
859377
856538
849652
849591
848642
843510
842670
842292
837201
830122
825190
814787
814307
813560
809968
809966
809927
809923
809539
809461
809452
809444
809440
809435
809433
809037
809036
809035
809034
809033
809032
809031
809030
809027
808989
808987
808986
808984
808982
808978
806781
806778
806775
806774
806772
804410
801974
801973
801972
801971
801970
801969
801968
800388
800263
800254
798699
798413
798412
798411
798408
798049
798048
798047
797956
797954
797953
797952
797951
797950
797949
797948
797946
797945
797944
797943
797942
797941
797937
797934
797933
797932
797931
797930
797929
797928
797927
797926
797925
797924
797923
797899
797897
797896
797892
797890
797889
797887
797886
797885
797883
797881
797880
796545
796544
784688
783144
769704
769621
731086
731084
731082
731081
731080
731075
731073
731072
731070
731065
731063
731060
731034
731031
731030
731029
731028
731023
729976
729975
729973
729970
729968
729966
729965
729964
729598
729594
729591
729590
729589
729582
729556
729554
729550
729549
729548
729547
729546
729544
729543
729542
729540
729538
729537
729536
729533
683124
683120
654990
372842
